cost_test: 0.05628827858553222
fnr_test: 0.13948256467941508
fpr_test: 0.7103801794105084
init_score: 1.9822249318751255
prev_test: 0.15952434372896568
threshold: 0.5
